161
214
216
235
548
550
674
676
693
729
731
750
767
786
808
842
875
894
912
930
932
1038
1041
1186
1308
1326
1328
1330
1332
1351
1353
1487
1489
1491
1494
1651
1670
1672
1675
1677
1679
1697
1699
1701
1721
1723
1726
1892
1894
1913
1915
1917
1922
1924
1940
1942
2026
2028
2328
2330
2443
2532
2534
2557
2559
2561
2583
2660
2700
2702
2719
2721
2723
2725
2750
2883
2885
2887
2889
2907
2909
2927
2929
2931
2933
2935
2952
2954
2975
3099
3101
3104
3106
3108
3127
3129
3131
3133
3135
3156
3158
3174
3210
3212
3215
3252
3270
3272
3293
3295
3297
3299
3317
3395
3397
3481
3483
3500
3502
3504
3522
3628
3630
3632
3736
3739
3755
3757
3759
3761
3780
3782
3799
3801
3803
3805
3823
3825
3827
3829
3845
3847
3849
3851
3872
3983
3985
3987
3989
3992
4008
4010
4031
4033
4035
4038
4165
4169
4171
4294
4430
4448
4450
4452
4454
4456
4458
4476
4564
4566
4568
4570
4572
4626
4629
4650
4670
4672
4674
4676
4679
4701
4704
4706
4754
4772
4867
4869
4981
5014
5112
5195
5197
5200
5202
5224
5235
5254
5256
5258
5260
5262
5264
5729
5753
5755
5757
5759
5777
5808
5913
5915
5917
5919
5921
5987
6006
6008
6010
6012
6014
6031
6033
6035
6037
6059
6092
6194
6196
6198
6200
6217
6219
6237
6239
6280
6370
6372
6456
6458
6478
6485
6487
6517
6636
6652
6794
6864
6866
6868
6872
6893
6895
6897
7372
7374
7393
7498
7500
7502
7505
7570
7573
7614
7635
7637
7639
7642
7783
7785
7787
7789
7791
7811
7815
7817
7833
7848
7850
7867
7869
7955
7957
7976
7978
7980
8091
8093
8096
8115
8117
8119
8148
8150
8227
8229
8309
8311
8329
8331
8333
8335
8337
8353
8355
8357
8377
8382
8399
8401
8403
8405
8407
8535
8556
8630
8646
8648
8788
8790
8792
8810
8812
8814
8817
8820
8822
8915
8949
8951
8970
8972
8992
9115
9117
9173
9175
9193
9195
9339
9341
9346
9363
9365
9367
9369
9371
9391
9407
9409
9411
9517
9521
9543
9545
9547
9563
9565
9567
9569
9632
9650
9652
9654
9656
9669
9832
9834
9901
9919
9977
9980
9982
9984
9986
10003
10005
10007
10009
10029
10031
10048
10142
10243
10245
10247
10249
10269
10271
10274
10276
10295
10398
10467
10469
10488
10620
10622
10751
10753
10771
10773
10775
10924
10926
10935
11024
11026
11167
11310
11312
11330
11451
11453
11459
11461
11463
11482
11484
11486
11587
11589
11607
11609
11611
11695
11697
11717
11719
11721
11723
11740
11758
11760
11762
11764
11781
11784
11786
11884
11886
11909
11911
11913
11915
11917
11919
11936
11939
11958
12074
12076
12079
12081
12083
12103
12106
12262
12265
12267
12269
12288
12290
12292
12298
12300
12302
12409
12426
12428
12430
12487
12489
12491
12494
12512
12528
12530
12533
12569
12571
12573
12592
12648
12665
12668
12670
12744
12746
12764
12766
12768
12770
12772
12791
12793
12876
12894
12896
12899
12926
12928
12944
12946
12959
12961
13555
13679
13681
13684
13700
13702
13722
13813
13815
13817
13937
13939
13957
13959
13961
13963
13981
13983
13985
13987
13989
14007
14149
14290
14292
14423
14425
14525
14527
14545
14609
14611
14613
14615
14727
14785
14827
14829
14832
14851
14853
14961
15089
15139
15141
15143
15145
15165
15305
15307
15310
15313
15431
15563
15565
15586
15686
15712
15731
15733
15735
15737
15740
15761
15874
15876
15878
15880
15884
15900
15902
15923
15925
15927
15929
15931
15951
16048
16050
16052
16054
16073
16076
16079
16095
16097
16154
16156
16158
16160
16177
16179
16181
16183
16294
16296
16315
16317
16319
16321
16337
16339
16400
16458
16460
16462
16464
16480
16482
16484
16486
16505
16507
16509
16511
16513
16529
16532
16534
16573
16575
16577
16624
16626
16683
16685
16687
16689
16691
16713
16715
16717
16719
16737
16757
16823
16825
16909
16945
16965
16968
16972
17088
17108
17110
17112
17114
17116
17133
17136
17138
17215
17218
17228
17230
17247
17249
17251
17253
17255
17276
17279
17298
17315
17317
17463
17465
17467
17486
17488
17490
17492
17494
17512
17514
17518
17662
17669
17671
17811
17813
17829
17848
17850
17852
17854
17870
17887
17889
17891
17893
17913
17915
17917
17919
17936
17938
17940
17942
17944
17963
17989
17991
18007
18010
18014
18144
18146
18291
18294
18297
18300
18458
18609
18611
18704
18722
18724
18726
18728
18746
18748
18750
18752
18754
18775
18777
18779
18897
18899
18917
18920
18922
18924
18928
19094
19096
19098
19100
19102
19121
19123
19126
19128
19201
19276
19356
19359
19377
19381
19450
19452
19454
19459
19481
19484
19486
19488
19491
19493
19510
19512
19587
19589
19591
19593
19595
19692
19694
19734
19736
19738
19757
19759
19761
19763
19766
19783
19785
19806
19808
19810
19812
19814
19817
19834
19836
19974
20125
20127
20129
20145
20150
20196
20348
20350
20352
20354
20372
20374
20376
20378
20398
20402
20404
20406
20408
20619
20621
20623
20747
20749
20770
20772
20774
20889
20908
20936
20948
20950
21070
21092
21111
21113
21115
21117
21135
21137
21139
21280
21282
21284
21383
21399
21411
21431
21451
21453
21456
21544
21546
21564
21568
21570
21621
21623
21625
21627
21762
21779
21781
21805
21808
21939
22025
22027
22112
22114
22210
22229
22231
22374
22378
22380
22525
22544
22546
22548
22550
22568
22584
22587
22730
22732
22734
22737
22751
22892
22908
22910
22912
22915
22977
22998
23146
23148
23150
23153
23155
23171
23300
23302
23305
23307
23326
23328
23330
23333
23335
23356
23358
23360
23362
23364
23367
23388
23390
23392
23394
23412
23414
23416
23418
23434
23539
23541
23694
23696
23698
23700
23717
23719
23721
23723
23741
23743
23745
23747
23763
23765
23767
23769
23772
23790
23807
23809
23811
23813
23815
23833
23835
23855
23857
23874
23876
23878
23880
23900
23902
23904
23919
23921
23923
23940
23942
23944
23946
23975
23994
23996
23998
24000
24049
24051
24069
24071
24180
24183
24185
24201
24223
24225
24331
24358
24360
24362
24364
24380
24382
24384
24520
24587
24605
24607
24610
24612
24614
24632
24730
24732
24734
24736
24738
24754
24773
24775
24777
24779
24795
24830
24916
25037
25039
25042
25062
25064
25081
25105
25107
25111
25125
25127
25147
25149
25165
25167
25169
25171
25173
25175
25194
25231
25233
25235
25237
25255
25372
25374
25376
25378
25500
25518
25520
25522
25524
25542
25544
25546
25548
25566
25706
25708
25849
25851
25853
25855
26010
26012
26014
26016
26018
26069
26087
26089
26107
26109
26111
26113
26115
26117
26121
26269
26281
26283
26285
26304
26420
26422
26553
26656
26781
27082
27084
27086
27195
27240
27242
27262
27264
27281
27309
27311
27381
27383
27443
27445
27447
27449
27467
27469
27471
27473
27493
27495
27499
27554
27733
27880
28071
28166
28168
28322
28325
28342
28344
28346
28348
28366
28368
28370
28372
28388
28448
28450
28452
28454
28457
28475
28492
28494
28496
28498
28500
28520
28522
28524
28526
28543
28669
28671
28673
28692
28694
28696
28803
28805
28808
28825
28877
28897
28899
28901
28903
28919
28921
28923
28925
28944
28946
28948
28950
28969
28991
28993
28996
29142
29267
29269
29272
29368
29384
29386
29388
29406
29408
29410
29428
29430
29432
29434
29452
29454
29456
29459
29477
29479
29481
29484
29486
29489
29507
29509
29511
29513
29605
29661
29680
29682
29684
29686
29688
29704
29750
29767
29835
29837
29839
29841
29843
29993
30008
30168
30187
30193
30195
30197
30306
30310
30373
30392
30412
30415
30477
30479
30482
30501
30517
30519
30521
30540
30686
30766
30768
30771
30773
30871
30889
30892
30894
30896
30898
30900
30902
30920
30940
31001
31003
31006
31008
31010
31012
31199
31218
31220
31222
31224
31290
31292
31309
31311
31313
31315
31337
31344
31434
31436
31509
31511
31513
31515
31533
31535
31537
31539
31557
31560
31562
31564
31582
31584
31586
31589
31591
31609
31629
31631
31633
31635
31750
31786
31803
31805
31807
31809
31812
31834
31850
31852
31854
31858
31860
31862
31881
31883
31885
31887
31890
31906
31925
31927
31959
32081
32083
32085
32087
32106
32108
32193
32195
32197
32213
32216
32218
32220
32271
32291
32294
32296
32299
32301
32304
32404
32416
32437
32439
32441
32461
32477
32600
32602
32612
32632
32634
32636
32656
32658
32660
32662
32699
32717
32719
32721
