83
85
87
89
228
232
234
253
396
414
417
419
421
423
442
444
446
448
450
467
486
589
591
738
741
744
746
763
766
794
886
888
890
892
908
940
942
944
946
964
1121
1123
1126
1130
1132
1150
1153
1155
1158
1160
1162
1265
1285
1287
1290
1292
1369
1371
1375
1488
1507
1509
1511
1513
1515
1533
1537
1539
1690
1693
1712
1714
1718
1720
1722
1739
1741
1743
1761
1763
1877
1879
1881
1898
1900
1968
1970
2012
2153
2155
2171
2173
2192
2194
2196
2198
2201
2282
2298
2454
2473
2475
2477
2490
2492
2508
2510
2512
2515
2535
2672
2674
2676
2678
2680
2697
2716
2718
2823
2887
2933
2935
2937
2959
2961
2963
3024
3026
3028
3030
3047
3077
3079
3081
3099
3101
3103
3105
3121
3241
3295
3297
3318
3320
3322
3338
3371
3373
3375
3377
3379
3401
3419
3421
3423
3425
3505
3524
3526
3528
3530
3546
3549
3551
3649
3651
3764
3766
3907
3925
3927
4007
4146
4167
4297
4299
4301
4358
4376
4378
4461
4464
4543
4545
4562
4564
4566
4569
4589
4591
4595
4597
4617
4766
4768
4775
4777
4779
4800
4880
4882
4884
4967
4969
5001
5020
5022
5024
5026
5122
5138
5141
5144
5207
5209
5229
5231
5233
5235
5251
5254
5256
5258
5277
5420
5489
5491
5493
5495
5518
5528
5530
5532
5534
5536
5553
5572
5630
5632
5747
5749
5751
5753
5861
5949
5967
5969
5971
5973
6050
6052
6069
6089
6091
6093
6097
6166
6290
6416
6418
6420
6509
6653
6669
6671
6673
6676
6694
6696
6717
6719
6721
6723
6727
6743
6885
6887
6889
6891
6913
6930
6932
6934
6936
6955
7058
7060
7062
7064
7084
7087
7089
7091
7093
7113
7115
7166
7323
7325
7327
7347
7349
7425
7546
7564
7566
7568
7570
7591
7616
7728
7792
7794
7812
7814
7816
7835
7837
7839
7842
7844
7846
7848
7864
7866
7885
7944
7946
7948
7950
7956
7973
8046
8056
8058
8060
8063
8065
8084
8086
8088
8227
8229
8231
8233
8235
8237
8254
8257
8275
8277
8279
8281
8283
8299
8301
8304
8306
8308
8327
8343
8378
8380
8382
8384
8403
8540
8543
8682
8684
8686
8703
8723
8725
8728
8758
8861
8902
8904
8997
8999
9001
9003
9022
9040
9042
9044
9046
9105
9107
9127
9130
9133
9152
9232
9235
9237
9255
9257
9259
9261
9263
9279
9281
9283
9318
9320
9322
9338
9342
9344
9377
9380
9493
9520
9522
9524
9547
9565
9567
9569
9572
9574
9593
9739
9772
9775
9778
9798
9857
9859
9861
9863
9865
9867
10025
10027
10045
10048
10050
10053
10055
10058
10076
10097
10099
10101
10103
10105
10107
10124
10126
10128
10207
10209
10211
10213
10231
10246
10249
10251
10276
10279
10351
10353
10355
10372
10377
10379
10381
10383
10401
10421
10494
10497
10499
10640
10683
10686
10792
10794
10796
10812
10814
10816
10836
10980
10983
10985
10987
11004
11149
11168
11170
11172
11174
11176
11193
11195
11197
11199
11218
11280
11282
11300
11302
11305
11436
11485
11487
11489
11507
11509
11579
11581
11584
11602
11604
11606
11608
11625
11732
11734
11736
11738
11740
11887
11889
11891
11893
11909
11936
11938
11964
11966
11968
11984
12072
12074
12076
12078
12098
12101
12153
12263
12265
12370
12372
12508
12510
12512
12645
12647
12649
12671
12673
12675
12782
12784
12956
12973
12975
13111
13116
13118
13120
13122
13145
13162
13164
13166
13277
13279
13298
13370
13372
13374
13376
13378
13395
13398
13400
13419
13421
13447
13449
13569
13571
13575
13578
13580
13741
13890
13893
13977
13980
13982
13984
14003
14005
14007
14009
14011
14228
14375
14377
14380
14382
14411
14413
14415
14522
14540
14542
14544
14546
14563
14565
14568
14570
14573
14576
14578
14596
14731
14736
14887
14889
14891
14893
14896
14915
14920
14937
15009
15138
15158
15253
15255
15350
15453
15470
15472
15475
15478
15496
15498
15501
15503
15505
15522
15524
15526
15528
15546
15548
15634
15636
15760
15817
15819
15908
15910
15929
15945
15947
15949
15951
15953
15971
15973
16085
16087
16107
16163
16165
16167
16190
16192
16194
16197
16199
16203
16220
16240
16242
16244
16246
16262
16290
16292
16294
16353
16355
16358
16378
16381
16383
16521
16537
16555
16557
16559
16561
16586
16604
16607
16697
16699
16701
16720
16724
16805
16886
16959
16961
16963
16983
16985
16987
17037
17039
17041
17057
17059
17077
17079
17081
17083
17100
17102
17104
17114
17116
17137
17139
17141
17159
17161
17163
17165
17167
17187
17189
17191
17256
17258
17276
17278
17280
17282
17378
17506
17577
17579
17595
17597
17599
17601
17620
17622
17696
17817
17858
17860
17962
17964
18030
18136
18154
18156
18158
18160
18162
18164
18183
18185
18265
18282
18284
18313
18316
18318
18417
18570
18591
18593
18645
18647
18649
18667
18677
18708
18816
18962
18964
18983
18985
18987
18989
18991
18993
19011
19013
19015
19018
19036
19102
19146
19148
19164
19166
19188
19190
19192
19269
19275
19292
19318
19320
19323
19325
19327
19480
19482
19498
19604
19606
19608
19610
19628
19630
19632
19784
19786
19802
19804
19806
19825
19827
19956
19961
19977
19979
19981
19983
19985
20004
20006
20008
20010
20027
20047
20049
20132
20134
20213
20215
20237
20328
20330
20350
20352
20354
20425
20442
20537
20642
20664
20807
20809
20811
20813
20815
20817
20833
20835
20837
20840
20941
20958
21111
21113
21139
21141
21161
21163
21165
21182
21184
21186
21188
21191
21240
21351
21353
21505
21548
21700
21703
21767
21769
21789
21791
21841
21949
21951
21953
21956
22102
22104
22123
22143
22145
22147
22149
22151
22171
22233
22235
22238
22295
22298
22301
22303
22392
22394
22540
22674
22693
22695
22697
22699
22702
22704
22727
22744
22859
22861
22863
22865
22887
22912
22914
22916
23072
23074
23076
23096
23183
23185
23187
23296
23426
23442
23444
23562
23694
23787
23806
23823
23972
23974
23977
23979
23981
23983
24002
24094
24096
24098
24191
24193
24195
24197
24216
24218
24221
24241
24243
24245
24264
24266
24269
24271
24273
24295
24298
24300
24302
24304
24329
24455
24461
24482
24484
24486
24488
24566
24568
24570
24572
24574
24591
24593
24595
24597
24620
24623
24625
24642
24644
24646
24725
24727
24746
24901
24903
24905
24907
24909
24930
24932
24935
25047
25049
25051
25069
25071
25073
25075
25097
25101
25117
25119
25121
25123
25125
25150
25302
25304
25320
25322
25355
25357
25359
25362
25381
25398
25480
25482
25484
25486
25489
25491
25513
25515
25572
25575
25680
25682
25684
25703
25705
25846
25954
25956
25958
25961
25963
25965
25983
26000
26002
26004
26006
26008
26010
26029
26031
26033
26035
26105
26125
26143
26145
26147
26149
26151
26153
26170
26172
26174
26176
26178
26196
26198
26200
26202
26219
26221
26242
26244
26246
26248
26250
26252
26365
26432
26434
26455
26473
26475
26636
26638
26640
26642
26664
26697
26699
26701
26705
26734
26792
26938
26940
26960
26964
26966
26968
26970
26986
26988
26990
27140
27142
27150
27152
27154
27171
27192
27194
27309
27312
27314
27316
27332
27334
27449
27451
27453
27471
27487
27489
27491
27542
27623
27625
27643
27645
27647
27649
27668
27670
27672
27675
27825
27827
27926
27928
27982
27984
27986
28362
28364
28366
28400
28402
28405
28423
28445
28595
28597
28687
28689
28691
28693
28709
28711
28713
28716
28738
28850
28969
28985
29099
29119
29121
29123
29126
29145
29147
29149
29165
29184
29186
29188
29190
29192
29209
29256
29263
29350
29352
29354
29356
29373
29375
29377
29379
29381
29384
29405
29431
29638
29641
29685
29687
29689
29691
29714
29716
29718
29720
29722
29739
29741
29902
29904
29906
29908
29925
29927
29929
29931
29933
29935
29953
29955
30066
30069
30181
30183
30203
30205
30207
30209
30225
30227
30229
30232
30251
30253
30379
30381
30383
30385
30405
30407
30573
30575
30640
30642
30660
30662
30664
30666
30670
30673
30691
30777
30794
30797
30937
31027
31045
31047
31049
31066
31154
31156
31158
31160
31178
31180
31182
31185
31254
31256
31272
31338
31340
31455
31457
31551
31587
31589
31591
31701
31703
31705
31744
31746
31762
31765
31767
31769
31771
31792
31794
31797
31886
31903
31905
31907
31965
32046
32064
32168
32170
32172
32174
32179
32197
32199
32202
32237
32239
32241
32243
32245
32263
32265
32267
32400
32416
32418
32420
32566
32569
32588
32590
32592
32594
32596
32753
32774
32776
32779
32781
32783
32785
32805
32863
32865
32883
32885
32945
32947
32963
32965
32967
32988
33006
33008
33010
33030
33060
33129
33181
33183
33185
33187
33208
33299
33315
33317
33319
33321
33323
33342
33344
33346
33348
33351
33368
33370
33456
33458
33460
33462
33478
33481
33483
33602
33604
33607
33626
33642
33644
33688
33746
33748
33750
33752
33771
33774
33823
33904
33906
33908
33927
33929
33946
33994
33996
34090
34238
34240
34258
34260
34262
34264
34266
34268
34285
34304
34306
34308
34311
34313
34317
34334
34388
34390
34412
34414
34416
34418
34435
34437
34441
34443
34445
34465
34529
34531
34547
34549
34551
34570
34586
34588
34590
34625
34627
34646
34648
34650
34652
34654
34672
34690
34692
34694
34696
34839
34842
34996
35014
35016
35126
35128
35130
35151
35279
35281
35283
35286
35288
35307
35309
35311
35330
35372
35374
35455
35457
35459
35476
35478
35480
35482
35503
35541
35543
35554
35556
35558
35560
35562
35588
35605
35607
35609
35612
35615
35619
35637
35639
35641
35643
35659
35661
35682
35684
35686
35688
35690
35839
35856
35858
35962
35964
35967
35986
36003
36005
36009
36113
36115
36133
36135
36137
36139
36141
36143
36161
36163
36165
36168
36235
36251
36253
36321
36381
36383
36485
36487
36495
36497
36535
36604
36606
36608
36610
36651
36670
36687
36689
36691
36693
36695
36716
36718
36770
36789
36883
36885
36887
37031
37034
37051
37119
37122
37139
37141
37143
37250
37252
37271
37273
37392
37394
37397
37431
37451
37579
37582
37584
37586
37588
37590
37606
37608
37610
37612
37630
37632
37649
37651
37653
37655
37673
37766
37768
37770
37772
37774
37793
37813
37824
37826
37828
37830
37832
37934
37952
37954
37973
37975
37977
37980
37982
37984
38002
38004
38027
38029
38091
38093
38095
38097
38117
38119
38198
38351
38354
38356
38359
38361
38465
38467
38469
38471
38492
38508
38510
38512
38514
38534
38560
38562
38567
38569
38572
38592
38594
38618
38620
38622
38626
38646
38648
38650
38667
38698
38700
38702
38704
38706
38708
38711
38731
38751
38753
38755
38896
38898
38923
38925
38927
38929
38950
38978
38980
38982
39034
39037
39040
39042
39044
39064
39066
39116
39119
39121
39137
39157
39159
39209
39211
39213
39215
39231
39236
39238
39240
39259
39261
39407
39542
39560
39562
39564
39566
39568
39590
39606
39688
39690
39717
39746
39748
39750
39769
39771
39773
39789
39791
39793
39814
39888
39890
39892
39894
39910
39912
39931
39933
39935
40035
40080
40082
40100
40102
40104
40106
40108
40130
40132
40149
40151
40153
40176
40231
40250
40252
40254
40256
40343
40345
40463
40486
40488
40490
40492
40497
40548
40550
40630
40681
40700
40702
40704
40706
40708
40730
40732
