21
1717610496
5
31
16
512
512
1024
14
16
5
5 0
6 12
3 15
5 8
6 10
8 5
6 9
5 10
8 4
7 5
5 3
4 12
3 13
2 11
1 6
1 7
2 9
4 6
3 11
1 14
1 11
2 13
0 13
2 12
1 15
3 10
3 8
2 7
1 10
1 11
2 13
4 10
4 11
5 15
7 14
7 6
5 3
5 4
5 3
5 4
6 2
3 2
10 6
9 9
7 10
4 3
7 11
7 2
8 4
5 12
4 4
2 8
3 13
1 14
1 11
1 7
5 1
0 8
1 12
3 7
4 9
1 10
1 11
4 4
1 7
1 12
0 11
1 13
2 13
0 7
1 9
2 13
1 10
3 6
2 0
3 14
1 9
1 8
2 10
1 1
1 11
1 0
2 2
4 1
2 1
0 3
1 1
3 0
3 1
3 0
5 1
6 3
8 0
11 10
10 2
11 12
11 15
13 4
15 1
14 2
15 4
16 12
18 1
17 14
15 10
9 4
10 6
15 11
10 9
8 7
8 10
8 9
12 2
7 9
9 10
7 11
9 7
9 5
4 9
11 3
6 8
8 9
4 13
6 2
3 13
2 4
0 4
3 4
1 10
1 11
2 5
6 2
3 3
4 13
3 15
5 14
3 14
5 13
6 15
8 10
9 14
9 13
8 11
10 12
10 9
15 7
14 6
13 5
10 8
14 3
11 0
11 5
10 5
9 5
10 7
10 5
10 7
9 5
14 6
12 3
10 6
12 3
19 11
13 1
14 3
16 8
14 11
15 7
14 8
15 1
12 2
14 3
13 6
11 4
10 8
16 13
12 7
11 7
13 9
10 5
15 3
15 12
13 3
13 10
15 1
13 12
13 11
13 5
14 11
12 9
9 0
13 11
10 2
9 0
14 11
7 2
13 11
10 10
9 1
7 9
9 4
6 8
9 2
7 4
7 3
6 5
5 9
5 0
3 12
2 11
5 6
0 5
1 1
2 3
3 3
4 5
5 7
3 7
1 9
3 5
0 10
3 4
3 5
2 2
2 4
3 11
1 6
5 13
3 10
3 3
0 2
2 5
2 7
0 9
2 10
4 13
2 13
1 13
0 10
0 8
0 4
