2077551701100391385 1587623712777222620 34 44 24 938 2 1 10 10 
2132537780655930792 1214861113552203327 48 73 32 364 2 1 15 17 
1736422650280749277 1731762130101589881 32 52 17 874 1 1 3 3 
1781603520798964844 1607839728161485804 35 54 34 437 2 2 20 22 
2241628981007565643 2041085944920611944 18 39 25 372 1 1 11 12 
1459783421019187009 1849262658404325421 10 31 23 362 1 2 10 11 
2212592604211055271 1729291534215888779 22 31 35 318 2 1 22 22 
1163275422603648293 1927233432762977156 39 59 39 770 2 1 18 18 
2079177614801347754 1742440116214472922 41 49 33 207 2 1 8 9 
1490947212150459140 1983385297994798840 28 45 32 253 2 1 13 13 
1792205746872770635 1692476351908839493 26 50 38 660 1 1 20 20 
1764089708111408243 2252708499961554891 12 28 23 676 2 2 11 11 
1723825119183514949 1961646389347211599 29 51 35 846 1 1 20 20 
1529911836890201269 1686814378896295275 32 51 38 810 2 1 13 13 
1234325042816409087 2227465668192002916 23 30 34 257 1 2 13 14 
1815971597594461546 1666658204987944292 32 54 18 554 1 2 8 8 
1976854960762692310 2160520364700189734 7 29 36 256 1 1 23 24 
1792205746872770635 1692476351908839493 26 50 38 660 1 1 20 20 
1507024280832591200 1913314815227779684 31 39 33 699 1 1 21 21 
2203832255759311923 1196241228957690260 54 60 39 863 2 2 17 19 
1260274359293985678 1167256589695133548 58 69 32 831 1 2 9 9 
1162188678375794558 1199246207893215568 37 48 22 601 1 2 11 12 
1237326286975155132 2214764558912954263 34 46 17 653 1 2 6 6 
1635833655085648008 1532019352019058311 37 46 22 285 1 2 7 8 
1539578641956709204 1515464253854324286 33 47 35 700 2 2 18 18 
1894333007885163244 2008124895204434786 23 46 20 195 2 1 9 10 
2049164716842572023 2210431457059819517 20 28 21 864 1 1 4 5 
1628650978199684872 1841974291666727300 65 73 16 218 1 2 7 7 
