1095537027416121517 171757852959 21 41 16 11 4 3 11 11 
828899053757880153 171757868602 20 40 25 14 4 3 19 20 
900219664206598655 171757880807 28 48 33 7 4 4 21 22 
1081446018761544242 171757862472 15 61 32 9 2 2 19 20 
555817173145517992 171757854724 21 94 27 10 3 3 16 16 
29170917784746438 171757864764 32 65 36 15 4 3 26 26 
529710815685488718 171757873557 25 80 21 15 4 4 14 14 
753533842478937579 171757856129 35 73 29 7 4 4 17 18 
216297017948893701 171757864388 16 43 28 13 3 2 18 18 
866571529862943515 171757852211 14 60 28 10 2 2 19 20 
569790526363994585 171757877899 17 108 36 14 2 2 23 25 
541058127598318226 171757862221 13 87 26 10 4 4 16 16 
623018055995112884 171757861080 22 49 29 8 4 4 21 22 
254342006127865441 171757874336 35 127 22 10 5 4 13 14 
